10000
10010
10017
10024
10025
10029
10039
10043
10057
10061
10071
10073
10077
10079
10080
10080
10082
10086
10105
10106
10108
10113
10117
10132
10147
10161
10162
10163
10166
10171
10172
10175
10186
10192
10196
10198
10200
10202
10210
10218
10232
10250
10266
10273
10283
10299
10308
10312
10318
10319
10322
10326
10341
10345
10385
10389
10394
10401
10403
10413
10421
10429
10431
10437
10463
10470
10471
10477
10479
10482
10496
10498
10503
10504
10509
10516
10534
10540
10546
10554
10557
10560
10570
10584
10585
10586
10603
10611
10618
10625
10626
10640
10655
10659
10684
10693
10696
10710
10722
10726
10737
10740
10741
10742
10765
10765
10768
10787
10802
10807
10809
10813
10817
10832
10847
10856
10866
10885
10893
10895
10902
10902
10904
10905
10908
10912
10919
10928
10949
10954
10961
10974
11035
11039
11054
11080
11105
11112
11115
11116
11120
11124
11133
11136
11139
11141
11145
11152
11157
11158
11178
11184
11186
11197
11199
11202
11210
11228
11229
11240
11253
11253
11266
11276
11279
11281
11281
11284
11287
11295
11301
11317
11319
11322
11325
11327
11331
11333
11342
11343
11344
11377
11436
11440
11442
11446
11484
11496
11533
11551
11557
11563
11573
11586
11594
11597
11622
11684
11685
11723
11729
11770
11820
11821
11836
11844
11858
11888
11897
11902
11945
11952
11982
11990
12002
12004
12008
12030
12073
12128
12135
12140
12163
12209
12218
12223
12242
12262
12285
12304
12307
12315
12348
12388
12410
12421
12425
12427
12434
12467
12488
12489
12498
12506
12537
12545
12605
12617
12633
12634
12655
12668
12674
12691
12729
12743
12745
12746
12747
12748
12753
12759
12787
12796
12806
12815
12841
12848
12859
12904
12912
12917
12999
13009
13044
13092
13105
13130
13143
13153
13189
13192
13192
13210
13212
13215
13218
13258
13276
13277
13281
13284
13298
13302
13306
13336
13356
13380
13395
13428
13437
13458
13460
13475
13477
13490
13493
13493
13514
13538
13553
13582
13582
13583
13587
13599
13643
13662
13672
13686
13710
13738
13740
13772
13787
13805
13805
13811
13817
13824
13864
13887
13900
13903
13916
13925
13935
13935
13979
13981
13984
13989
13992
14000
14001
14021
14027
14028
14030
14072
14092
14242
14273
14286
14320
14326
14337
14365
14365
14395
14395
14402
14438
14478
14491
14495
14496
14507
14512
14549
14550
14556
14560
14560
14561
14562
14581
14586
14605
14627
14680
14681
14684
14684
14712
14778
14800
14825
14825
14829
14848
14854
14855
14860
14866
14869
14883
14972
14975
14995
15065
15087
15118
15325
15326
15358
15481
15541
15595
15623
15633
15713
15715
15735
15788
15870
15942
16097
16144
16196
16219
16264
16424
16427
16428
16445
16480
16568
16573
16625
16671
16679
16694
16700
16844
17000
17115
17129
17263
17308
17429
17442
17483
17508
17582
17630
17631
17632
17659
17751
17777
17795
17890
17907
17909
17980
17990
18027
18043
18052
18102
18108
18137
18140
18160
18163
18171
18204
18218
18224
18232
18237
18244
18261
18262
18277
18326
18383
18395
18409
18478
18495
18564
18590
18590
18592
18597
18614
18648
18668
18678
18702
18704
18726
18778
18825
18863
18900
18951
18980
19028
19045
19059
19075
19076
19085
19099
19117
19148
19180
19182
19194
19204
19214
19217
19228
19272
19299
19307
19315
19323
19329
19333
19344
19352
19354
19403
19408
19428
19454
19454
19515
19523
19528
19554
19598
19601
19616
19631
19641
19675
19707
19722
19753
19796
19810
19815
19836
19840
19841
19874
19875
19894
19904
19909
19913
19925
19955
19960
19961
19997
30028
30049
30076
30077
30126
30130
30131
30132
30140
30185
30187
30188
30190
30244
30294
30317
30318
30356
30393
30427
30446
30461
30473
30486
30495
30501
30516
30518
30526
30538
30552
30553
30561
30578
30583
30589
30592
30667
30670
30726
30748
30769
30802
30805
30840
30852
30873
30885
30911
30939
30951
30960
30971
30980
31002
31042
31066
31089
31092
31093
31099
31101
31143
31147
31170
31209
31229
31285
31296
31327
31330
31334
31372
31397
31399
31405
31409
31413
31526
31581
31581
31582
31583
31593
31607
31628
31638
31664
31772
31836
31876
31937
31958
31959
32013
32059
32122
32128
32137
32313
32341
32484
32501
32505
32515
32521
32568
32599
32620
32628
32641
32680
32865
32885
32888
32889
32910
32936
32940
32951
32966
32984
32987
33044
33060
33128
33134
33139
33196
33199
33206
33292
33315
33323
33340
33372
33437
33449
33467
33495
33509
33513
33527
33548
33562
33571
33608
33674
33688
33689
33690
33697
33723
33743
33841
33849
33870
33871
33906
33913
33979